 -32.0  -6.0  0.0  0.0  0.0  0.0  0.0  0.0  0.0  0.0  0.0  0.0  0.0  0.0  0.0  0.0  0.0  0.0  0.0  0.0  0.0  0.0  0.0  0.0  0.0  0.0  0.0  0.0  0.0  0.0  0.0  0.0  0.0  0.0  0.0  0.0  0.0  0.0  0.0  0.0 
 -32.0  -6.0  0.0  0.0  0.0  0.0  0.0  0.0  0.0  0.0  -10.0  -2.0  0.0  0.0  -10.0  2.0  0.0  0.0  -18.0  0.0  0.0  0.0  0.0  0.0  0.0  0.0  0.0  0.0  0.0  0.0  0.0  0.0  0.0  0.0  0.0  0.0  0.0  0.0  0.0  0.0 
 -32.0  -6.0  0.0  0.0  -2.0  138.0  0.0  0.0  -8.0  -86.0  -10.0  -2.0  0.0  0.0  -10.0  2.0  0.0  0.0  -18.0  0.0  0.0  0.0  0.0  0.0  0.0  0.0  0.0  0.0  0.0  0.0  0.0  0.0  0.0  0.0  0.0  0.0  0.0  0.0  0.0  0.0 
 -32.0  -6.0  0.0  0.0  -2.0  138.0  -2.0  -6.0  -32.0  -172.0  -42.0  -14.0  0.0  0.0  -40.0  -52.0  0.0  0.0  -18.0  0.0  0.0  0.0  0.0  0.0  0.0  0.0  0.0  0.0  0.0  0.0  0.0  0.0  0.0  0.0  0.0  0.0  0.0  0.0  0.0  0.0 
 -32.0  -6.0  -72.0  -24.0  -2.0  138.0  -30.0  4.0  -32.0  -172.0  -42.0  -14.0  0.0  0.0  -40.0  -52.0  0.0  0.0  -18.0  0.0  0.0  0.0  0.0  0.0  0.0  0.0  0.0  0.0  0.0  0.0  0.0  0.0  0.0  0.0  0.0  0.0  0.0  0.0  0.0  0.0 
 -32.0  -6.0  -68.0  66.0  2.0  70.0  -30.0  -70.0  -10.0  -124.0  -42.0  -14.0  0.0  0.0  -40.0  -52.0  0.0  0.0  -18.0  0.0  0.0  0.0  0.0  0.0  0.0  0.0  0.0  0.0  0.0  0.0  0.0  0.0  0.0  0.0  0.0  0.0  0.0  0.0  0.0  0.0 
 -32.0  -6.0  -72.0  108.0  0.0  -6.0  -32.0  -88.0  0.0  -86.0  -42.0  -14.0  0.0  0.0  -40.0  -52.0  0.0  0.0  -18.0  0.0  0.0  0.0  0.0  0.0  0.0  0.0  0.0  0.0  0.0  0.0  0.0  0.0  0.0  0.0  0.0  0.0  0.0  0.0  0.0  0.0 
 -32.0  -6.0  -62.0  100.0  6.0  148.0  -32.0  -48.0  -2.0  14.0  -42.0  -14.0  0.0  0.0  -40.0  -52.0  0.0  0.0  -18.0  0.0  0.0  0.0  0.0  0.0  0.0  0.0  0.0  0.0  0.0  0.0  0.0  0.0  0.0  0.0  0.0  0.0  0.0  0.0  0.0  0.0 
 -32.0  -6.0  -84.0  98.0  -6.0  36.0  -34.0  -90.0  -2.0  -64.0  -42.0  -14.0  0.0  0.0  -40.0  -52.0  0.0  0.0  -18.0  0.0  0.0  0.0  0.0  0.0  0.0  0.0  0.0  0.0  0.0  0.0  0.0  0.0  0.0  0.0  0.0  0.0  0.0  0.0  0.0  0.0 
 -32.0  -6.0  -72.0  -24.0  -2.0  138.0  -30.0  4.0  -32.0  -172.0  -42.0  -14.0  0.0  0.0  -40.0  -52.0  0.0  0.0  -18.0  0.0  0.0  0.0  0.0  0.0  0.0  0.0  0.0  0.0  0.0  0.0  0.0  0.0  0.0  0.0  0.0  0.0  0.0  0.0  0.0  0.0 
 -32.0  -6.0  -68.0  66.0  2.0  70.0  -30.0  -70.0  -10.0  -124.0  -42.0  -14.0  0.0  0.0  -40.0  -52.0  0.0  0.0  -18.0  0.0  0.0  0.0  0.0  0.0  0.0  0.0  0.0  0.0  0.0  0.0  0.0  0.0  0.0  0.0  0.0  0.0  0.0  0.0  0.0  0.0 
 -32.0  -6.0  -72.0  108.0  0.0  -6.0  -32.0  -88.0  0.0  -86.0  -42.0  -14.0  0.0  0.0  -40.0  -52.0  0.0  0.0  -18.0  0.0  0.0  0.0  0.0  0.0  0.0  0.0  0.0  0.0  0.0  0.0  0.0  0.0  0.0  0.0  0.0  0.0  0.0  0.0  0.0  0.0 
 -32.0  -6.0  -62.0  100.0  6.0  148.0  -32.0  -48.0  -2.0  14.0  -42.0  -14.0  0.0  0.0  -40.0  -52.0  0.0  0.0  -18.0  0.0  0.0  0.0  0.0  0.0  0.0  0.0  0.0  0.0  0.0  0.0  0.0  0.0  0.0  0.0  0.0  0.0  0.0  0.0  0.0  0.0 
 -32.0  -6.0  -84.0  98.0  -6.0  36.0  -34.0  -90.0  -2.0  -64.0  -42.0  -14.0  0.0  0.0  -40.0  -52.0  0.0  0.0  -18.0  0.0  0.0  0.0  0.0  0.0  0.0  0.0  0.0  0.0  0.0  0.0  0.0  0.0  0.0  0.0  0.0  0.0  0.0  0.0  0.0  0.0 
 -32.0  -6.0  -72.0  -24.0  -2.0  138.0  -30.0  4.0  -32.0  -172.0  -42.0  -14.0  0.0  0.0  -40.0  -52.0  0.0  0.0  -18.0  0.0  0.0  0.0  0.0  0.0  0.0  0.0  0.0  0.0  0.0  0.0  0.0  0.0  0.0  0.0  0.0  0.0  0.0  0.0  0.0  0.0 
 -32.0  -6.0  -68.0  66.0  2.0  70.0  -30.0  -70.0  -10.0  -124.0  -42.0  -14.0  0.0  0.0  -40.0  -52.0  0.0  0.0  -18.0  0.0  0.0  0.0  0.0  0.0  0.0  0.0  0.0  0.0  0.0  0.0  0.0  0.0  0.0  0.0  0.0  0.0  0.0  0.0  0.0  0.0 
 -32.0  -6.0  -72.0  108.0  0.0  -6.0  -32.0  -88.0  0.0  -86.0  -42.0  -14.0  0.0  0.0  -40.0  -52.0  0.0  0.0  -18.0  0.0  0.0  0.0  0.0  0.0  0.0  0.0  0.0  0.0  0.0  0.0  0.0  0.0  0.0  0.0  0.0  0.0  0.0  0.0  0.0  0.0 
 -32.0  -6.0  -62.0  100.0  6.0  148.0  -32.0  -48.0  -2.0  14.0  -42.0  -14.0  0.0  0.0  -40.0  -52.0  0.0  0.0  -18.0  0.0  0.0  0.0  0.0  0.0  0.0  0.0  0.0  0.0  0.0  0.0  0.0  0.0  0.0  0.0  0.0  0.0  0.0  0.0  0.0  0.0 
 -32.0  -6.0  -84.0  98.0  -6.0  36.0  -34.0  -90.0  -2.0  -64.0  -42.0  -14.0  0.0  0.0  -40.0  -52.0  0.0  0.0  -18.0  0.0  0.0  0.0  0.0  0.0  0.0  0.0  0.0  0.0  0.0  0.0  0.0  0.0  0.0  0.0  0.0  0.0  0.0  0.0  0.0  0.0 
 -32.0  -6.0  -72.0  -24.0  -2.0  138.0  -30.0  4.0  -32.0  -172.0  -42.0  -14.0  0.0  0.0  -40.0  -52.0  0.0  0.0  -18.0  0.0  0.0  0.0  0.0  0.0  0.0  0.0  0.0  0.0  0.0  0.0  0.0  0.0  0.0  0.0  0.0  0.0  0.0  0.0  0.0  0.0 
 -32.0  -6.0  -68.0  66.0  2.0  70.0  -30.0  -70.0  -10.0  -124.0  -42.0  -14.0  0.0  0.0  -40.0  -52.0  0.0  0.0  -18.0  0.0  0.0  0.0  0.0  0.0  0.0  0.0  0.0  0.0  0.0  0.0  0.0  0.0  0.0  0.0  0.0  0.0  0.0  0.0  0.0  0.0 
 -32.0  -6.0  -72.0  108.0  0.0  -6.0  -32.0  -88.0  0.0  -86.0  -42.0  -14.0  0.0  0.0  -40.0  -52.0  0.0  0.0  -18.0  0.0  0.0  0.0  0.0  0.0  0.0  0.0  0.0  0.0  0.0  0.0  0.0  0.0  0.0  0.0  0.0  0.0  0.0  0.0  0.0  0.0 
 -32.0  -6.0  -62.0  100.0  6.0  148.0  -32.0  -48.0  -2.0  14.0  -42.0  -14.0  0.0  0.0  -40.0  -52.0  0.0  0.0  -18.0  0.0  0.0  0.0  0.0  0.0  0.0  0.0  0.0  0.0  0.0  0.0  0.0  0.0  0.0  0.0  0.0  0.0  0.0  0.0  0.0  0.0 
 -32.0  -6.0  -84.0  98.0  -6.0  36.0  -34.0  -90.0  -2.0  -64.0  -42.0  -14.0  0.0  0.0  -40.0  -52.0  0.0  0.0  -18.0  0.0  0.0  0.0  0.0  0.0  0.0  0.0  0.0  0.0  0.0  0.0  0.0  0.0  0.0  0.0  0.0  0.0  0.0  0.0  0.0  0.0 
 -32.0  -6.0  -72.0  -24.0  -2.0  138.0  -30.0  4.0  -32.0  -172.0  -42.0  -14.0  0.0  0.0  -40.0  -52.0  0.0  0.0  -18.0  0.0  0.0  0.0  0.0  0.0  0.0  0.0  0.0  0.0  0.0  0.0  0.0  0.0  0.0  0.0  0.0  0.0  0.0  0.0  0.0  0.0 
 -32.0  -6.0  -68.0  66.0  2.0  70.0  -30.0  -70.0  -10.0  -124.0  -42.0  -14.0  0.0  0.0  -40.0  -52.0  0.0  0.0  -18.0  0.0  0.0  0.0  0.0  0.0  0.0  0.0  0.0  0.0  0.0  0.0  0.0  0.0  0.0  0.0  0.0  0.0  0.0  0.0  0.0  0.0 
 -32.0  -6.0  -72.0  108.0  0.0  -6.0  -32.0  -88.0  0.0  -86.0  -42.0  -14.0  0.0  0.0  -40.0  -52.0  0.0  0.0  -18.0  0.0  0.0  0.0  0.0  0.0  0.0  0.0  0.0  0.0  0.0  0.0  0.0  0.0  0.0  0.0  0.0  0.0  0.0  0.0  0.0  0.0 
 -32.0  -6.0  -62.0  100.0  6.0  148.0  -32.0  -48.0  -2.0  14.0  -42.0  -14.0  0.0  0.0  -40.0  -52.0  0.0  0.0  -18.0  0.0  0.0  0.0  0.0  0.0  0.0  0.0  0.0  0.0  0.0  0.0  0.0  0.0  0.0  0.0  0.0  0.0  0.0  0.0  0.0  0.0 
 -32.0  -6.0  -84.0  98.0  -6.0  36.0  -34.0  -90.0  -2.0  -64.0  -42.0  -14.0  0.0  0.0  -40.0  -52.0  0.0  0.0  -18.0  0.0  0.0  0.0  0.0  0.0  0.0  0.0  0.0  0.0  0.0  0.0  0.0  0.0  0.0  0.0  0.0  0.0  0.0  0.0  0.0  0.0 
 -32.0  -6.0  -72.0  -24.0  -2.0  138.0  -30.0  4.0  -32.0  -172.0  -42.0  -14.0  0.0  0.0  -40.0  -52.0  0.0  0.0  -18.0  0.0  0.0  0.0  0.0  0.0  0.0  0.0  0.0  0.0  0.0  0.0  0.0  0.0  0.0  0.0  0.0  0.0  0.0  0.0  0.0  0.0 
 -32.0  -6.0  -68.0  66.0  2.0  70.0  -30.0  -70.0  -10.0  -124.0  -42.0  -14.0  0.0  0.0  -40.0  -52.0  0.0  0.0  -18.0  0.0  0.0  0.0  0.0  0.0  0.0  0.0  0.0  0.0  0.0  0.0  0.0  0.0  0.0  0.0  0.0  0.0  0.0  0.0  0.0  0.0 
 -32.0  -6.0  -72.0  108.0  0.0  -6.0  -32.0  -88.0  0.0  -86.0  -42.0  -14.0  0.0  0.0  -40.0  -52.0  0.0  0.0  -18.0  0.0  0.0  0.0  0.0  0.0  0.0  0.0  0.0  0.0  0.0  0.0  0.0  0.0  0.0  0.0  0.0  0.0  0.0  0.0  0.0  0.0 
 2.0  0.0  -84.0  98.0  -6.0  36.0  -34.0  -90.0  -2.0  -64.0  -14.0  -14.0  0.0  0.0  20.0  6.0  0.0  0.0  2.0  -2.0  0.0  0.0  0.0  0.0  0.0  0.0  0.0  0.0  0.0  0.0  0.0  0.0  0.0  0.0  0.0  0.0  0.0  0.0  0.0  0.0 
 2.0  0.0  -12.0  54.0  -6.0  36.0  20.0  46.0  -12.0  -18.0  -14.0  -14.0  0.0  0.0  20.0  6.0  0.0  0.0  2.0  -2.0  0.0  0.0  0.0  0.0  0.0  0.0  0.0  0.0  0.0  0.0  0.0  0.0  0.0  0.0  0.0  0.0  0.0  0.0  0.0  0.0 
 2.0  0.0  14.0  -36.0  -20.0  112.0  2.0  -72.0  40.0  0.0  -14.0  -14.0  -4.0  38.0  20.0  6.0  0.0  2.0  2.0  -2.0  0.0  0.0  0.0  0.0  0.0  0.0  0.0  0.0  0.0  0.0  0.0  0.0  0.0  0.0  0.0  0.0  0.0  0.0  0.0  0.0 
 2.0  0.0  -4.0  74.0  -6.0  102.0  6.0  82.0  24.0  4.0  -30.0  -2.0  2.0  -4.0  20.0  6.0  4.0  -8.0  2.0  -2.0  0.0  0.0  0.0  0.0  0.0  0.0  0.0  0.0  0.0  0.0  0.0  0.0  0.0  0.0  0.0  0.0  0.0  0.0  0.0  0.0 
 2.0  0.0  -2.0  172.0  2.0  32.0  12.0  164.0  -8.0  -80.0  -30.0  -2.0  2.0  -4.0  20.0  6.0  4.0  -8.0  2.0  -2.0  0.0  0.0  0.0  0.0  0.0  0.0  0.0  0.0  0.0  0.0  0.0  0.0  0.0  0.0  0.0  0.0  0.0  0.0  0.0  0.0 
-48.0  14.0  36.0  124.0  6.0  58.0  30.0  142.0  10.0  -42.0  -48.0  16.0  0.0  0.0  -54.0  -100.0  0.0  0.0  -36.0  -6.0  0.0  0.0  0.0  0.0  0.0  0.0  0.0  0.0  0.0  0.0  0.0  0.0  0.0  0.0  0.0  0.0  0.0  0.0  0.0  0.0
 48.0  20.0  -32.0  122.0  6.0  58.0  -14.0  148.0  14.0  -84.0  4.0  6.0  0.0  0.0  42.0  6.0  0.0  0.0  44.0  4.0  0.0  0.0  0.0  0.0  0.0  0.0  0.0  0.0  0.0  0.0  0.0  0.0  0.0  0.0  0.0  0.0  0.0  0.0  0.0  0.0
 -2.0  -10.0  26.0  92.0  6.0  58.0  -10.0  112.0  40.0  -38.0  -20.0  30.0  0.0  0.0  4.0  -2.0  0.0  0.0  -6.0  -6.0  0.0  0.0  0.0  0.0  0.0  0.0  0.0  0.0  0.0  0.0  0.0  0.0  0.0  0.0  0.0  0.0  0.0  0.0  0.0  0.0
 -10.0  -30.0  14.0  18.0  6.0  342.0  -24.0  36.0  8.0  -90.0  -20.0  30.0  0.0  0.0  4.0  -2.0  0.0  0.0  -6.0  -6.0  0.0  0.0  0.0  0.0  0.0  0.0  0.0  0.0  0.0  0.0  0.0  0.0  0.0  0.0  0.0  0.0  0.0  0.0  0.0  0.0
 -8.0  28.0  18.0  160.0  -4.0  418.0  -6.0  138.0  -4.0  -32.0  -32.0  -4.0  0.0  0.0  4.0  -2.0  0.0  0.0  -6.0  -6.0  0.0  0.0  0.0  0.0  0.0  0.0  0.0  0.0  0.0  0.0  0.0  0.0  0.0  0.0  0.0  0.0  0.0  0.0  0.0  0.0
0.0  0.0  -26.0  172.0  0.0  0.0  -50.0  64.0  0.0  0.0  0.0  0.0  0.0  0.0  0.0  0.0  0.0  0.0  0.0  0.0  0.0  0.0  0.0  0.0  0.0  0.0  0.0  0.0  0.0  0.0  0.0  0.0  0.0  0.0  0.0  0.0  0.0  0.0  0.0  0.0
-2.0  32.0  -22.0  164.0  -536.0  196.0  2.0  168.0  -2.0  -114.0  0.0  0.0  0.0  0.0  0.0  0.0  0.0  0.0  0.0  0.0  0.0  0.0  0.0  0.0  0.0  0.0  0.0  0.0  0.0  0.0  0.0  0.0  0.0  0.0  0.0  0.0  0.0  0.0  0.0  0.0
 -4.0  -28.0  6.0  -70.0  -536.0  196.0  -4.0  -66.0  -10.0  -114.0  0.0  -16.0  0.0  -26.0  -4.0  -6.0  0.0  -42.0  0.0  0.0  0.0  0.0  0.0  0.0  0.0  0.0  0.0  0.0  0.0  0.0  0.0  0.0  0.0  0.0  0.0  0.0  0.0  0.0  0.0  0.0
 -4.0  0.0  -22.0  150.0  -534.0  162.0  24.0  172.0  16.0  -92.0  4.0  72.0  0.0  -26.0  -2.0  -66.0  0.0  -42.0  0.0  0.0  0.0  0.0  0.0  0.0  0.0  0.0  0.0  0.0  0.0  0.0  0.0  0.0  0.0  0.0  0.0  0.0  0.0  0.0  0.0  0.0
 32.0  -6.0  -2.0  18.0  78.0  296.0  -2.0  168.0  280.0  186.0  -20.0  10.0  0.0  0.0  58.0  -4.0  0.0  0.0  0.0  0.0  0.0  0.0  0.0  0.0  0.0  0.0  0.0  0.0  0.0  0.0  0.0  0.0  0.0  0.0  0.0  0.0  0.0  0.0  0.0  0.0